EqName	FreeStand1	FreeStand2	FreeStand3	MeleeWStand	RangeWStand	DoubleWStand	FreeWalk	MeleeWWalk	RangeWWalk	DoubleWWalk	FreeRun	MeleeWRun	RangeWRun	DoubleWRun	FreeWound	MeleeWWound	RangeWWound	DoubleWWound	FreeDie	MeleeWDie	MeleeWDie	DoubleWDie	FreeAttack	MeleeWPuncture	MeleeWCut	RangeWPuncture	RangeWCut	DoubleWPull	DoubleWPound	DartThrow	FreeMagic	MeleeWMagic	RangeWMagic	DoubleWMagic	SitDown	JumpFly	RideStand	RideWalk	RideRun	RideCut	RidePuncture	RideMagic	RideWound	RideDie	RideStand1	RideStand2
Th©n thΣ 01
Th©n thΣ 02
Th©n thΣ 03
Th©n thΣ 04
Th©n thΣ 05
Th©n thΣ 06
Th©n thΣ 07
Th©n thΣ 08
Th©n thΣ 09
Th©n thΣ 10
Th©n thΣ 11
Th©n thΣ 12
Th©n thΣ 13
Th©n thΣ 14
Th©n thΣ 15
Th©n thΣ 16
Th©n thΣ 17
Th©n thΣ 18
Th©n thΣ 19
Th©n thΣ 20
Th©n thΣ 21
Th©n thΣ 22																																					112,8,1	96,8,1	80,8,1	96,8,1	112,8,1	96,8,1	48,8,1	112,8,1	112,8,1	112,8,1
Th©n thΣ 23																																					112,8,1	96,8,1	80,8,1	96,8,1	112,8,1	96,8,1	48,8,1	112,8,1	112,8,1	112,8,1
Th©n thΣ 24																																					112,8,1	96,8,1	80,8,1	96,8,1	112,8,1	96,8,1	48,8,1	112,8,1	112,8,1	112,8,1
Th©n thΣ 25																																					112,8,1	96,8,1	80,8,1	96,8,1	112,8,1	96,8,1	48,8,1	112,8,1	112,8,1	112,8,1
Th©n thΣ 26																																					112,8,1	96,8,1	80,8,1	96,8,1	112,8,1	96,8,1	48,8,1	112,8,1	112,8,1	112,8,1
Th©n thΣ 27																																					112,8,1	96,8,1	80,8,1	96,8,1	112,8,1	96,8,1	48,8,1	112,8,1	112,8,1	112,8,1
Th©n thΣ 28																																					112,8,1	96,8,1	80,8,1	96,8,1	112,8,1	96,8,1	48,8,1	112,8,1	112,8,1	112,8,1
Th©n thΣ 29																																					112,8,1	96,8,1	80,8,1	96,8,1	112,8,1	96,8,1	48,8,1	112,8,1	112,8,1	112,8,1
Th©n thΣ 30																																					112,8,1	96,8,1	80,8,1	96,8,1	112,8,1	96,8,1	48,8,1	112,8,1	112,8,1	112,8,1
Th©n thΣ 31																																					112,8,1	96,8,1	80,8,1	96,8,1	112,8,1	96,8,1	48,8,1	112,8,1	112,8,1	112,8,1
Th©n thΣ 32																																					112,8,1	96,8,1	80,8,1	96,8,1	112,8,1	96,8,1	48,8,1	112,8,1	112,8,1	112,8,1
Th©n thΣ 33																																					112,8,1	96,8,1	80,8,1	96,8,1	112,8,1	96,8,1	48,8,1	112,8,1	112,8,1	112,8,1
Th©n thΣ 34																																					112,8,1	96,8,1	80,8,1	96,8,1	112,8,1	96,8,1	48,8,1	112,8,1	112,8,1	112,8,1
Th©n thΣ 35																																					112,8,1	96,8,1	80,8,1	96,8,1	112,8,1	96,8,1	48,8,1	112,8,1	112,8,1	112,8,1
Th©n thΣ 36																																					112,8,1	96,8,1	80,8,1	96,8,1	112,8,1	96,8,1	48,8,1	112,8,1	112,8,1	112,8,1
Th©n thΣ 37																																					112,8,1	96,8,1	80,8,1	96,8,1	112,8,1	96,8,1	48,8,1	112,8,1	112,8,1	112,8,1
Th©n thΣ 38																																					112,8,1	96,8,1	80,8,1	96,8,1	112,8,1	96,8,1	48,8,1	112,8,1	112,8,1	112,8,1
Th©n thΣ 39																																					112,8,1	96,8,1	80,8,1	96,8,1	112,8,1	96,8,1	48,8,1	112,8,1	112,8,1	112,8,1
Th©n thΣ 40																																					112,8,1	96,8,1	80,8,1	96,8,1	112,8,1	96,8,1	48,8,1	112,8,1	112,8,1	112,8,1
Th©n thΣ 41																																					112,8,1	96,8,1	80,8,1	96,8,1	112,8,1	96,8,1	48,8,1	112,8,1	112,8,1	112,8,1
Th©n thΣ 42																																					112,8,1	96,8,1	80,8,1	96,8,1	112,8,1	96,8,1	48,8,1	112,8,1	112,8,1	112,8,1
Th©n thΣ 43																																														
Th©n thΣ 44																																														
Th©n thΣ 45																																														
Th©n thΣ 46																																														
ΗϋΜε47																																														
ΗϋΜε48																																														
ΗϋΜε49																																														
ΗϋΜε50																																														
ΗϋΜε51																																														
ΗϋΜε52																																														
ΗϋΜε53																																														
ΗϋΜε54																																														
ΗϋΜε55																																														
ΗϋΜε56																																														
ΗϋΜε57																																														
ΗϋΜε58																																														
ΗϋΜε59																																														
ΗϋΜε60																																														
ΗϋΜε61																																														
ΗϋΜε62																																														
ΗϋΜε63																																														
ΗϋΜε64																																														
ΗϋΜε65																																														
ΗϋΜε66																																														
ΗϋΜε67																																														
ΗϋΜε68																																														
ΗϋΜε69																																														
ΗϋΜε70																																														
ΗϋΜε71																																														
ΗϋΜε72																																														
ΗϋΜε73																																														
ΗϋΜε74																																														
ΗϋΜε75																																														
ΗϋΜε76																																														
ΗϋΜε77																																														
ΗϋΜε78																																														
ΗϋΜε79																																														
ΗϋΜε80																																														
ΗϋΜε81																																														
